1.501858513794414876e+02
1.488666361483113008e+02
9.600740537723987700e+01
1.784908278474086103e+02
1.681782431660416250e+02
1.047135776278775694e+02
1.597483940015294195e+02
1.934742573941957176e+02
7.903988754471677680e+01
1.654944113582589580e+02
1.487329407038201907e+02
1.411007714895575020e+02
1.573332577714205058e+02
2.354449683997444964e+01
1.376422923010278794e+02
1.327400877637627161e+02
1.718937434788340397e+02
2.084160072430189814e+02
5.256284842254324730e+01
5.015276506218826569e+01
9.146844539268739993e+01
1.629500818404710287e+02
7.802022432191783707e+01
5.629678292842321952e+01
8.397051507765321787e+01
1.730467192182187546e+02
1.024419665123555916e+02
1.776359622052078464e+02
9.770431100494160148e+01
1.350624733438212388e+02
1.840058001910923906e+02
1.812117015697265288e+02
1.629499657828893362e+02
1.365835691521618571e+02
8.329939669458531171e+01
1.704171354719509850e+02
1.611759559551169048e+02
1.355386875747227293e+02
1.118315788512565945e+02
1.379003936095094502e+02
5.351925787197479423e+01
1.802711082192066954e+02
1.507118938694505061e+02
2.181125304298470553e+02
7.218208346680083309e+01
1.782172787906676774e+02
1.900060958426450384e+02
7.573633080573908671e+01
4.829420877766391129e+01
1.876447410122898418e+02
1.120750961663186871e+02
1.620005648056837515e+02
1.820395588352342315e+02
1.366542200077004736e+02
1.617851852114148983e+02
1.457871121888344135e+02
1.729403365164879460e+02
1.382137096840091317e+02
1.322240005027914549e+02
1.632614672358029111e+02
1.350259938637814798e+02
1.626021644545064078e+02
2.135073025971656477e+02
1.624304092076834252e+02
7.718276183634787913e+01
2.142054162701475661e+02
1.725981686479742905e+02
1.678133604662875484e+02
1.703815728747807725e+02
1.053385144940446736e+02
1.587796892246622633e+02
8.005247453293578985e+01
1.476912807507412708e+02
1.533111000063637164e+02
1.794544806223341311e+02
1.613357471576809132e+02
1.743845191081523183e+02
1.011077572832548839e+02
1.351734778091662008e+02
1.063902839982685009e+02
1.055704104402748129e+02
1.786269896023273418e+02
1.605443721306749865e+02
1.825931132999573379e+02
1.561818286091623236e+02
1.841434007067256573e+02
1.268370171306826535e+02
1.925528169074705431e+02
1.846970161457055610e+02
1.889507003856083429e+02
1.575494642360065995e+02
1.635178078514396418e+02
1.886215297358148462e+02
2.112234223628435643e+02
1.142019167259619650e+02
1.944846155264773131e+02
1.389298104938264089e+02
1.466766236830741548e+02
1.616999719944143976e+02
1.867799502530585869e+02
1.840550199689157864e+02
1.958820490425821674e+02
1.808652520110178443e+02
2.059060015218387889e+02
1.693498481564552662e+02
1.504501513937076140e+02
1.810025764831414961e+02
1.890373728915305662e+02
1.606129636917858932e+02
2.046449235119344792e+02
2.338253688249099298e+02
1.861064730186559757e+02
1.460205718684640033e+02
1.339912381632175595e+02
1.634908129050942023e+02
1.672493992438629959e+02
1.926322607115204164e+02
1.540086461002861995e+02
1.892663479853139279e+02
1.576118972555029814e+02
1.072879594981472025e+02
6.208900908879794400e+01
1.460389997003997848e+02
1.901767840102531011e+02
1.093707562118581649e+02
1.607562018370615817e+02
1.725649634141010154e+02
1.967876453553754743e+02
8.916674981043698267e+01
1.552376567458586862e+02
1.654254345613830708e+02
4.658149270530144292e+01
1.683607726559862954e+02
1.779139688841388534e+02
1.540681683484129678e+02
1.465504667512113031e+02
5.977489142866908622e+01
1.522656752705237864e+02
1.579419758893052403e+02
1.170860482133713134e+02
7.102883986784202364e+01
1.790242945920201976e+02
1.358611383961209924e+02
1.601489348414258700e+02
1.450015063420087529e+02
1.839458901396127715e+02
1.765162466571866560e+02
5.644254342414120629e+01
1.873691472601952057e+02
2.084682357357530691e+02
7.968209254154407972e+01
1.935356476474471776e+02
1.723240246213590581e+02
1.965654122958151788e+02
1.995920386206747139e+02
2.067209586578778158e+02
1.471197595318963351e+02
1.624422241795035688e+02
1.650630953550828224e+02
2.031035919438589588e+02
1.122767494451414478e+02
1.551518711481051582e+02
1.913585036152584564e+02
9.586443105732492143e+01
1.224736752474890551e+02
1.300143786764836875e+02
7.275387042539870208e+01
1.262700070193095030e+02
1.710641607244003239e+02
1.088238520952585162e+02
3.312406005108414320e+01
1.794564872303209597e+02
2.025359400471862727e+02
1.267089293532365701e+02
2.090910874253413567e+02
2.106832282298031771e+02
1.844290085167478708e+02
1.776847554817811385e+02
1.910150019840712332e+02
1.750349147251621957e+02
1.342215454497750216e+02
4.219347925594183124e+01
7.567232524112951353e+01
1.592601953704077289e+02
1.799611749313335451e+02
9.183605340782717974e+01
1.678236011769917297e+02
1.696278420495745536e+02
1.992203487200146981e+02
1.421583168773168779e+02
1.728963350697571286e+02
1.895150141018319800e+02
1.803488036067558937e+02
1.443812510943510574e+02
1.691805412401290312e+02
1.846415848431316533e+02
5.998972207836297343e+01
1.487144534211274163e+02
1.388538480980099905e+02
1.653266619980754797e+02
1.575176072725915333e+02
1.245237489023998734e+02
2.257947540538526709e+02
1.806019193157363816e+02
1.595530580709439334e+02
1.136466723011057667e+02
1.169361938495125770e+02
1.116746417373864944e+02
1.088637435491108647e+02
1.813829004370546727e+02
1.377188420243346911e+02
1.871664697971063447e+02
1.808067620289533863e+02
2.051660370192698792e+02
1.883404403341399131e+02
1.124325241971551748e+02
1.783162105907555599e+02
1.362490508837512948e+02
1.412982786259944703e+02
1.807268303203338746e+02
6.459529079255192130e+01
1.433185417026694211e+02
7.048431519771320097e+01
1.712638553907581525e+02
8.247912483594689093e+01
1.035420492727600248e+02
1.843310064557669250e+02
1.731609092969922870e+02
1.262571970071413858e+02
1.170042032838985619e+02
1.536013701758967613e+02
1.622343163563308224e+02
2.172294766312041361e+02
1.486502322512856153e+02
1.351915019605653470e+02
1.654995163240629097e+02
1.939517591894571638e+02
1.525791537882522562e+02
1.856909430231364126e+02
1.505917796094690289e+02
2.080269034209987069e+02
1.320337590773764305e+02
1.535875909378461870e+02
1.559072027772001832e+02
1.255520302739576692e+02
1.619108616124815114e+02
1.928737978788278440e+02
1.705086852280419691e+02
1.691542046666394583e+02
1.609931088677914204e+02
1.810217228652610970e+02
1.732322955761992489e+02
1.417960300155203015e+02
2.048735874910642281e+02
1.481023001361858462e+02
1.482595946454535749e+02
1.268714354960892905e+02
8.114057811589749747e+01
1.479729819757305052e+02
3.652017931261650574e+01
1.707647078220258265e+02
1.858544025930636394e+02
1.440537323855354543e+02
1.915512646615925121e+02
1.662322606999695154e+02
1.620035641211402151e+02
2.241432361872217029e+02
1.988573583334360251e+02
3.413206494142589520e+01
1.494458619822034962e+02
1.444846372451478373e+02
6.970511126927515022e+01
1.760916959997732363e+02
9.767613226360599299e+01
1.169247064748695806e+02
2.068235416764656520e+02
1.511868171438669606e+02
1.575721298760487628e+02
2.060352111408429892e+02
1.453614496970992604e+02
1.394435276928568044e+02
1.749661381679830754e+02
1.470378213233508973e+02
1.635231847533002281e+02
1.022159108528952203e+02
1.884135620531009749e+02
1.205730265136200074e+02
1.645580970627679278e+02
9.058964434349515216e+01
7.400882739374047503e+01
2.064094097057113402e+02
1.089180151695019703e+02
2.264521614677940136e+02
2.102066629820293713e+02
2.140836686151717743e+02
3.978406991514308544e+01
3.837530878751965702e+01
1.497800454828150976e+02
1.868844603681196759e+02
7.834784019791196386e+01
1.517638085159308332e+02
1.939347418474948199e+02
1.731401045991293586e+02
1.230486182706194569e+02
1.750808508554712830e+02
1.300498529165570858e+02
1.968766325827959065e+02
1.590659264118292811e+02
1.613143670641344158e+02
1.620975455486011469e+02
7.859070129141487371e+01
1.790119039287259284e+02
1.279833364123388293e+02
1.523829039251969846e+02
1.216033635191558204e+02
1.813091926661211346e+02
2.068827242863190747e+02
1.549518009134259842e+02
2.420038531189840398e+02
1.204857036131015064e+02
1.706031668175216112e+02
1.965624216780484232e+02
2.099956934439001088e+02
1.325896096129114028e+02
1.110022121971157674e+02
1.872764276778547696e+02
1.910808120490229101e+02
1.689625280483653000e+02
1.714252014565973070e+02
7.304061303207228661e+01
1.923430721261179315e+02
1.841257528378098414e+02
9.979060080214613038e+01
1.905600521427947740e+02
1.210589413764919442e+02
1.875669586993866744e+02
1.865275322608039232e+02
1.381806192117525995e+02
1.569362887671737496e+02
1.689387480862926054e+02
1.728260689367324119e+02
1.811001051391748149e+02
1.776109855526982244e+02
6.276463502374077308e+01
1.737668964274968459e+02
8.632269817717234162e+01
1.132446516253449289e+02
1.430101233167745818e+02
1.395535653917511354e+02
1.688504671942499158e+02
1.729695970832471232e+02
1.517020166791613462e+02
1.628781739082288880e+02
1.809465368921309789e+02
8.376093610627660269e+01
1.526736384595460834e+02
1.769934480641567518e+02
1.337612142764650969e+02
1.923076087554018727e+02
1.086140921050423316e+02
1.617033703559022797e+02
1.598164555602158714e+02
1.420162254928468428e+02
1.871950419825358267e+02
8.964080291077142704e+01
1.360911252195450061e+02
1.280455156392377773e+02
1.462391156289754974e+02
1.466214228813683178e+02
1.337944056302070237e+02
1.708914343437278376e+02
1.221599772602210834e+02
1.687069141087669664e+02
1.720871006567025177e+02
1.810289439687786057e+02
1.216272936546790220e+02
1.750576553341989268e+02
1.815789405963551815e+02
1.929191739625221942e+02
1.915458289373967489e+02
1.748362871448702833e+02
8.863140828162791252e+01
1.611709545535303221e+02
1.274384331610899750e+02
1.423981006050966869e+02
1.865065866944372317e+02
1.962378550866046396e+02
1.625947514875147135e+02
1.900034017102788084e+02
1.664333072331274082e+02
1.057678663673918180e+02
2.803908679747483035e+01
7.698455277385366458e+01
1.535725770262367291e+02
1.576047876255468054e+02
1.985582995150465990e+02
1.287750493407868362e+02
1.848235222404721867e+02
1.591532930653781932e+02
1.339375565822447243e+02
9.532845280900001228e+01
1.353053928489005955e+02
1.726566469650438478e+02
1.308680332301338751e+02
1.966729070678285325e+02
1.649115613759720702e+02
1.686582968586328946e+02
1.307767494061103548e+02
1.967322804949194790e+02
1.788928349321204507e+02
1.282362406179717027e+02
1.108486524834499249e+02
1.300387785522076172e+02
1.635531829485803428e+02
1.902349374660333297e+02
2.149282237207489175e+02
1.799044579337965786e+02
8.670570224987751828e+01
1.717218999680574427e+02
1.005899352040326420e+02
1.673988436076050164e+02
1.805181449046261548e+02
1.659796308954884125e+02
1.901505223399828424e+02
1.802651565376928602e+02
8.360156418278700130e+01
1.607972602817386587e+02
1.176860202381206335e+02
1.872360832993362010e+02
1.452525650357881943e+02
1.508543408498955216e+02
1.565936499471863783e+02
1.582472342590320409e+02
2.040983277787212273e+02
1.636627102639192515e+02
2.104410431958589527e+02
9.816187780044272415e+01
1.676679856395970489e+02
1.594809157692386350e+02
1.835491588056544003e+02
1.782697129473817199e+02
1.653391634668725487e+02
1.492870496056537775e+02
1.978290622684346545e+02
1.742679532720625559e+02
1.021282150169185314e+02
1.441977048434450808e+02
1.140367450248204335e+02
1.777724388128092130e+02
2.077396186316798321e+02
1.823681885793801030e+02
1.868691057785089242e+02
1.229957532543539571e+02
1.862538398236851265e+02
1.595703885116777485e+02
8.699375971608330360e+01
1.967345252485237097e+02
1.026782095886344734e+02
1.748612049293566884e+02
1.648858597632155636e+02
1.517170825897908912e+02
1.714860084657882169e+02
1.725431103764664442e+02
4.945090325273307030e+01
1.593193664796559119e+02
1.899247509707213624e+02
7.844596358296628580e+01
1.495257484640873145e+02
1.536257881726042456e+02
1.096341979303010277e+02
1.929179809853092422e+02
1.530864159274904637e+02
1.312002728885136378e+02
1.522689958256322313e+02
4.610114899244541675e+01
9.519633159101560693e+01
1.538257762137081386e+02
9.559301673520774045e+01
1.793961818876207701e+02
1.698177828975863122e+02
9.271348416441345819e+01
1.606925730487907344e+02
1.653711955784317240e+02
1.583945045306045927e+02
1.724375399602222103e+02
1.148958148176196659e+02
1.462264762633810165e+02
1.769911290599323195e+02
1.588579240000613595e+02
6.608081333097074150e+01
1.339442016822726202e+02
1.888022144149259987e+02
1.431280340277389485e+02
1.541515638035097879e+02
1.262511948680294864e+02
1.561680084066173606e+02
2.052263354813571254e+02
1.006391606188168595e+02
1.419555173026322734e+02
1.831060013579086103e+02
1.581155670073026442e+02
1.443215060337793147e+02
6.298922976205876267e+01
1.333711593436962914e+02
1.052046028929849655e+02
1.291109095689389790e+02
1.912069367701629119e+02
1.970301879300338044e+02
1.798840080570124371e+02
1.684065597591230699e+02
1.286071397591786365e+02
1.174263344291224342e+02
1.338273634807389953e+02
1.333417669563420134e+02
7.034826610020985527e+01
1.998809931722254873e+02
1.842759108216392576e+02
1.461460499402901121e+02
1.513771194185352726e+02
1.981808356655883188e+02
2.048726096842519837e+02
1.311551009249130004e+02
1.613873056949565239e+02
1.574248406100395243e+02
5.321634924101775255e+01
1.830035554343811555e+02
1.547826376515697859e+02
1.793157938169249803e+02
1.714335669675958513e+02
1.625941562490255876e+02
1.954985977595082716e+02
1.426254324697595450e+02
1.277972152744236496e+02
1.702827732274559196e+02
1.055914313878320030e+02
5.414597129066384440e+01
1.292640360773021655e+02
1.594947583106391846e+02
1.028019270344757530e+02
1.674357855608786565e+02
7.586689629031003790e+01
1.663191957466238478e+02
1.908673856926882024e+02
1.599733999607607586e+02
1.596572358900388906e+02
1.529736682263739738e+02
8.722686752901418572e+01
1.756801281163876354e+02
1.693476245012240327e+02
1.836750605258469307e+02
1.592495552714402152e+02
1.299308479167914356e+02
1.475131975979973618e+02
1.858428399351255678e+02
1.850833161892252292e+02
1.949380425534369863e+02
9.412682423145021460e+01
8.526384308100723786e+01
1.008650845265682250e+02
1.350666779953485275e+02
1.270560372019820221e+02
1.914222505900866622e+02
1.525389479371842185e+02
1.031621398143386443e+02
6.994457896708770761e+01
2.040059360749222606e+02
2.038768613192885084e+02
1.703812238800851731e+02
1.689289297778576611e+02
2.236055645734417112e+02
8.517988519726561947e+01
1.619833817506388698e+02
1.211321768258200819e+02
1.741518020393939139e+02
1.530764315422206323e+02
1.854876215136857525e+02
7.048885429025895633e+01
1.540275607651307155e+02
1.527263980401451136e+02
1.888111150521696118e+02
1.383824130607870586e+02
1.670268525106921516e+02
1.004135466540418378e+02
9.067922472502310427e+01
1.521596387122057479e+02
1.946538778416157527e+02
1.839898829700241265e+02
1.532156033127622550e+02
1.703444430005304753e+02
1.437503514448628152e+02
1.546958482020811800e+02
7.366803231911154626e+01
1.665028007605331766e+02
1.924805073243928462e+02
1.915274570775746668e+02
4.441378322153276059e+01
5.885174954400970648e+01
1.413368536094448871e+02
2.199367528632823792e+02
1.578236146809402669e+02
1.405688123873021311e+02
1.130580224589628102e+02
1.650663456635474802e+02
1.611333901986873229e+02
1.415154636676523978e+02
1.691100486902988393e+02
7.516748413263849216e+01
1.440852932556028634e+02
2.101886720848876564e+02
1.116005293263974494e+02
1.455483689470194406e+02
1.380405328751499781e+02
1.071585142628728562e+02
1.860361090099090404e+02
1.631852372738914596e+02
2.065538407770144715e+02
1.557279151542088300e+02
1.840631328407499439e+02
1.961043295786211331e+02
1.791437730731014994e+02
2.103847798357852525e+02
1.872894375730569720e+02
1.441803344690205790e+02
8.390168197818532292e+01
1.669814797151248342e+02
1.294709038895491346e+02
1.732630035550091350e+02
1.746710090988021022e+02
1.424533908250558056e+02
1.372470013162274824e+02
1.595858028726370890e+02
1.489326023649573756e+02
2.006365199149479679e+02
1.659336583142336394e+02
1.380013945343671651e+02
1.600506263590845606e+02
1.828925103241691090e+02
1.233355684019335712e+02
1.439583025973417989e+02
1.588984256138115541e+02
1.009048321145729403e+02
1.835856419255402443e+02
5.609608755717245288e+01
1.622862809862643871e+02
1.803585491169279749e+02
1.192566606043147033e+02
1.386435060275200044e+02
1.970254938647269967e+02
1.628265259597272632e+02
1.361636983436887363e+02
1.030849593503714914e+02
1.850816783302274473e+02
1.901521382609490161e+02
1.984686074740733659e+02
1.510611886604198446e+02
1.511288456975340466e+02
1.599989135913506004e+02
1.348065111359695152e+02
1.560422996945339378e+02
1.107418687748814961e+02
1.756936247955439967e+02
1.626217192495319352e+02
1.776135515508464664e+02
1.946516888125433695e+02
5.834696315606215222e+01
1.505285376891814906e+02
2.108303539228629120e+02
7.987860584041438017e+01
1.958061883478245306e+02
1.733218069667821339e+02
1.554023711486207446e+02
1.416084651166102901e+02
1.735466704605886150e+02
1.868876749281332934e+02
1.951406972947359293e+02
1.415902561794305257e+02
1.729278572530301119e+02
1.577018688956340782e+02
1.409986963932087747e+02
1.473925494841638795e+02
2.194872260790192797e+02
1.387933488452312645e+02
1.801234963856374804e+02
1.318693188638500544e+02
1.952158752242239927e+02
1.475018600232476444e+02
1.359046426333962074e+02
1.530532050237546287e+02
1.886727151466150474e+02
1.447356195951016389e+02
1.894137856852257187e+02
1.731138819642515898e+02
1.706488717128688961e+02
1.783310162343082936e+02
1.822963030799724322e+02
1.796587129446662345e+02
1.779980017286113707e+02
1.756094007569950008e+02
1.546799611730197057e+02
1.968230134647682803e+02
1.791480320256137304e+02
1.910734868147548298e+02
1.272763796119619002e+02
9.340121610995831247e+01
1.854542483148723591e+02
1.486989596154303968e+02
1.327799001944765962e+02
1.618343811266383625e+02
2.019541404873189947e+02
1.658299947480539061e+02
1.993414161077994322e+02
1.473605093436790696e+02
1.404373275342109082e+02
4.751954470135542863e+01
1.508879082268924776e+02
8.841545248396627699e+01
1.928381922150089451e+02
1.526018416910420115e+02
1.894371948250595779e+02
1.649726295428729941e+02
1.287494802999414105e+02
1.496073065551818218e+02
7.355243691487402202e+01
1.821752236403727636e+02
2.002725487282467327e+02
1.793356697884655375e+02
1.354430776641399348e+02
1.990864261890789351e+02
8.849315056771877153e+01
1.659523097823610271e+02
1.700210236019786123e+02
1.497647275004505616e+02
1.081791559233662809e+02
1.588488295660358460e+02
1.652901097638986414e+02
1.388008418268316575e+02
1.704200603077529195e+02
1.467399934219891975e+02
1.970415997651031716e+02
1.827150575812179056e+02
1.562882815938694421e+02
4.395518411661858948e+01
1.237842101823125773e+02
1.672258804397808944e+02
1.704982121161403938e+02
1.393272173940814866e+02
1.127907152268635542e+02
1.542108236699085069e+02
1.796585033651345782e+02
1.801512147466327178e+02
1.783679942706419297e+02
1.868618900230435713e+02
1.049212620892908063e+02
1.328186432888526269e+02
1.815704706739214487e+02
1.606934440123589241e+02
1.415652587173595123e+02
1.845165792439450456e+02
1.378544775840340719e+02
1.940760070929649146e+02
1.367244875931632180e+02
1.373518968146163388e+02
1.833480787655593929e+02
1.812647194136033022e+02
1.396157006324740166e+02
1.089862592378095627e+02
4.343052789798232283e+01
1.872313974157834480e+02
1.021655497685613767e+02
1.574396969064072493e+02
1.989999753004142633e+02
1.052605945116612105e+02
1.559475952980120326e+02
1.412545297020216708e+02
1.679414450445906084e+02
1.588777832864257391e+02
1.984656458601495785e+02
1.383407626575742313e+02
1.773208230233705933e+02
1.632197468535742075e+02
1.477436637613411961e+02
1.989300529928012509e+02
2.110121602306164164e+02
1.656186207082866702e+02
1.581133050421165649e+02
1.715836963165420741e+02
1.937315266638672142e+02
1.776935455253380098e+02
1.566671990309245643e+02
1.738512010300806025e+02
1.337388599438669701e+02
2.155078529855334182e+02
1.342187944256065180e+02
1.195400976833217896e+02
1.526796181520649611e+02
1.865437710890620053e+02
1.579191248455263690e+02
1.395742528490712289e+02
6.879312729967720941e+01
1.413036164362705733e+02
4.455951405296045920e+01
1.749678124995720907e+02
1.499333744638810515e+02
1.927018694731862922e+02
8.013001062546103981e+01
1.797610383009857173e+02
1.886987312083995221e+02
1.901639551491770987e+02
9.007403111369805515e+01
1.969352563609248534e+02
1.079055402267686787e+02
1.419862030946433435e+02
2.029185068799144744e+02
1.753843217217959705e+02
1.768637108088611285e+02
1.429866622546153394e+02
1.348882473961193682e+02
1.324703662178758634e+02
1.110520517792719914e+02
6.532908592341864562e+01
1.227204746208915509e+02
2.262824393905291629e+02
1.335284461020835636e+02
7.208813369190103515e+01
1.825150964565969787e+02
1.496637316456422298e+02
1.790410693757584397e+02
1.594548554867056396e+02
1.527366201470273097e+02
1.675020251894816283e+02
1.626904779055692529e+02
1.378057443955042345e+02
8.186678797968394861e+01
1.705827057474812420e+02
1.411307161525191702e+02
1.574469153868992635e+02
1.176049999997705697e+02
1.857497214139791879e+02
1.868571388857761519e+02
1.413395859503233396e+02
1.548708843294196811e+02
1.743791281675954679e+02
1.640152925118686085e+02
1.779978170219322067e+02
1.534529605164909469e+02
5.341163319836880419e+01
1.487663392425910160e+02
1.468580760502449039e+02
1.397286740648203249e+02
1.422803697641306826e+02
2.069603479581328713e+02
1.917576792370224439e+02
1.750493310290979139e+02
1.694128040236963670e+02
1.816471976854411139e+02
1.362577944385337787e+02
1.902438420648880708e+02
7.138620246663462865e+01
5.001151305817761994e+01
1.640982578348915126e+02
1.707127151334661619e+02
1.588371728988604161e+02
1.970328413604002833e+02
1.663052620520589358e+02
1.722060966491339116e+02
1.385080850765370997e+02
1.878628140161596605e+02
1.583303576837685966e+02
1.344040059914551932e+02
1.248180676086599448e+02
1.910735962332683755e+02
5.756589292519990408e+01
1.487093250280728682e+02
1.899105383570796732e+02
2.102386408824344812e+02
1.458765827697368422e+02
1.785133991019757786e+02
1.533495687846554745e+02
1.012784003938444073e+02
1.605225881172963511e+02
1.551749940372419871e+02
1.787986041767210281e+02
9.705005094221006345e+01
1.640605115172774902e+02
2.096885148022194585e+02
6.136843613028841560e+01
1.680305849611114297e+02
1.855045889144561215e+02
1.283659493188333443e+02
2.069863159755928166e+02
1.386861465790430827e+02
1.585719577903505240e+02
1.927333789013328271e+02
1.788373556847733994e+02
1.822236873860835260e+02
1.849719087102017454e+02
1.647405243129300345e+02
7.860862291929046819e+01
1.802299052539557067e+02
1.211224976486466147e+02
1.618666353921312577e+02
1.985200635873071633e+02
1.516569327443171176e+02
1.919535535577299754e+02
1.759898925550947126e+02
4.931852636695109737e+01
1.932866350141637781e+02
1.656543827526431585e+02
1.480958563952069369e+02
8.682958549901015033e+01
1.945558476101739700e+02
1.980057828476111297e+02
1.783579007538082237e+02
1.771384729304365351e+02
1.000589382703955721e+02
1.886002246205115966e+02
1.285228260946709327e+02
7.822012458350131681e+01
1.491207552339907636e+02
1.292090223015936488e+02
1.750474556641994752e+02
1.577121140613274406e+02
1.350891565685546709e+02
1.675410215176635802e+02
5.316415685162935745e+01
9.123487106320257567e+01
1.797605790387560489e+02
1.734450598450591485e+02
1.411637101659658811e+02
1.451261251838957662e+02
1.183059180586338783e+02
1.953339753546067925e+02
1.273037932772997038e+02
2.126909522640355590e+02
2.209844251242675170e+02
9.848325144224760663e+01
1.096679831221628234e+02
1.900057896531116342e+02
1.580230402673353751e+02
1.765548331739381354e+02
1.468095664762593628e+02
9.177741012202584159e+01
1.382102054412148675e+02
2.004644910771152126e+02
1.987802328709932453e+02
1.592001446616402234e+02
1.972172487460814523e+02
1.842038499571560806e+02
1.766520892526500859e+02
1.798188006203629072e+02
1.748633528863383049e+02
1.230657050260308125e+02
2.006757198545647327e+02
1.689708581251889257e+02
1.831964835654173953e+02
1.772168161745779855e+02
1.371644029389067327e+02
5.998184517384652281e+01
1.583576440371186607e+02
1.155995611975404529e+02
1.849007026389271857e+02
1.544534128460068132e+02
5.387906824516814197e+01
1.863118471579942650e+02
1.829783859514151914e+02
2.048754098667583889e+02
1.939518399147916057e+02
1.980649806253233578e+02
2.031195420825039264e+02
1.860499026003942618e+02
1.114877502676837224e+02
1.002983113921928435e+02
1.702763249784213428e+02
1.624921739991942786e+02
1.798280385722519270e+02
5.068919128103870264e+01
1.981428793619318185e+02
1.228821330728791565e+02
1.356180989593321442e+02
7.517848768920696045e+01
1.465738925318181884e+02
1.666775847187778368e+02
1.890448620945199139e+02
1.564788893892292094e+02
1.712881399481825326e+02
1.582170069102093066e+02
1.693837849047525310e+02
1.686050390690554650e+02
1.692637757262645266e+02
1.976554737901030023e+02
1.742117526979767774e+02
1.688487610200207882e+02
1.866796978391863888e+02
1.804670467339815900e+02
1.340882491875086657e+02
2.010367962437832432e+02
1.667438693279876247e+02
1.796622299516356804e+02
1.587374151798370576e+02
1.592706752476662189e+02
9.083503642236416820e-01
1.189481464108634867e+00
8.587856885581185651e+00
7.607692099613152514e+00
5.248227346752938871e+01
5.978224944413581987e+00
9.242518078220779643e+00
1.653814905529239354e+01
1.014782909114258302e+01
5.041688688683957587e+00
4.984081519038638497e+00
2.720703062486147239e+00
1.210444667989810874e+00
5.502348521370070245e+01
7.883833729007129421e+00
9.312942798431961933e+00
3.363030109109266697e+00
5.368314966929347953e+00
6.578973726373854447e+01
2.937326719381913165e+01
2.849324907434236920e+01
2.542026518463901397e+01
2.847967179684557948e+01
2.536562118035910984e+01
2.118444090199184160e+01
3.017664768942811993e+00
7.727231989146883251e+00
2.166936574494206980e+01
8.378951179785723014e+00
9.223057564780897621e+01
2.677798974678629484e+00
2.434334060293086921e+01
1.576787746433561921e+01
4.152603396386743029e+00
2.740998820174817752e+01
7.959320414959626611e+00
3.181745946516506862e+01
5.663534442535107161e+01
3.209580494046524990e+01
6.979463421671721512e+00
3.362760255706086099e+01
1.254947181743373719e+01
6.658239466133604179e-01
7.101112640932143449e+00
3.469598680804460855e+01
8.885633320255774681e-01
6.412278538479939449e+00
1.466584635362019284e+01
2.205108519413632706e+01
2.552976789810296854e+00
2.898864873612709658e+01
3.689584347997717284e+00
1.083730112310369265e+01
8.231502817135013572e+01
1.817591897317007099e+00
4.633980791659856990e+00
3.836486262655172652e+01
6.398313976706377915e+00
3.990502553709818656e+00
2.409491837638025657e+01
6.250697199901343026e+01
4.361966375281228636e+01
3.106218617867292586e+00
2.842252837938700871e+00
3.936109665963305559e+01
3.696448646375940061e+00
1.108036633979935015e+00
3.890315181331344352e+00
7.836668581521240640e+01
1.675444594986569058e+01
4.206325251842128665e+01
4.557183845563640290e+01
2.471121202914977388e+00
3.179815231820337473e+01
4.192034120167836875e+01
1.658323306549504439e+00
3.519277071593097883e+00
1.965699925162840600e+01
7.586632978598314025e+01
1.327673840528611748e+01
1.113119320929003209e+01
1.037083406529573182e+01
2.204784855190525406e+01
6.241080444854890175e+01
1.828597865054686356e+00
2.430000170353828093e+00
2.395975406313079148e+00
4.683083273644814248e+00
4.618958189627099031e+00
1.232732816101973494e+00
2.746491624389053499e+01
3.192818874875035018e+00
2.016755286620738108e+00
1.046604492721248292e+01
3.661632018944662281e+00
2.396358665564163815e+01
3.545669248102190352e+01
4.470886278974353445e+01
2.000435085566874438e+00
3.349629143767355099e+00
3.338220250774955389e+01
1.852205006483850003e+00
1.568988453225597013e+01
1.083756519064325019e+00
7.616078533221468660e+00
1.617227740219029375e+00
1.770328653593785662e+00
3.223626748683179244e+01
2.629458087875180183e+01
3.401986976153724029e+00
7.207977290911059320e+00
4.267013364116301943e+00
7.770302109001160318e+01
1.180902549545717273e+00
6.817548464624304749e+00
1.412821519599472708e+01
3.403334118197835600e+00
1.600102686913242422e+00
1.736071063138284298e+00
1.876911668721409043e+01
5.504840610554485814e+00
1.251992182095450090e+01
1.923923859692944216e+00
3.499971213914551527e+01
1.813269633728755892e+01
2.907039131944238797e+00
4.784509235794654813e+00
2.338427768032937060e+00
3.223206316145856931e+01
4.483885819628517844e+00
5.258416189582078459e+01
5.135124663258412170e+01
5.911822017137090768e+00
1.368721719024687644e+01
5.226876966098268440e+01
1.221934836791692902e+00
3.912999114612934193e+01
1.715114710532055664e+00
2.625761550954370804e+01
7.257808485455866432e+00
4.926573112706418556e+01
7.920515731142559801e+00
5.897929328681594363e+00
8.770714854653621728e+01
5.111356591676000960e+01
2.334927546238966922e+00
8.488518266768448228e+00
3.158723663871088050e+01
8.666260789557040933e-01
2.553790320462416830e+01
7.912935951279275848e+00
2.197819142058807174e+01
2.876381711393626084e+00
2.313821787332433999e+01
9.403053131135379772e+00
8.285828574113175193e+00
3.585923885086549490e+01
1.702155139258628580e+01
2.808717809963013678e+00
2.089824803986515178e+01
4.313026819273089174e+00
3.575889584807876531e+01
4.227209516107890863e+00
1.334738183733840344e+01
3.024991468421901430e+01
4.183112744227525326e+00
1.216756423484202898e+01
2.095243806856946378e+01
3.465581108113535436e+01
3.234012555600386030e+00
5.501624186059360255e+01
1.336345654996150545e+00
1.194682156698977238e+01
4.110472919343935772e+00
5.031834030468237628e+00
8.931426976741254631e-01
1.992538711255571826e+01
5.133957895070668798e+01
2.521281535570154997e+00
2.176098748974859731e+01
1.130639072250177790e+01
5.785233054823522281e+01
4.303509583995221988e+01
3.047364819358530319e+00
1.905041313225344979e+00
9.155608427401332960e+00
1.964428129581481386e+01
7.833682959839654014e-01
8.844240881797425402e+00
3.427665805968276658e+01
5.387766580554671059e+00
2.841791650201989317e+00
1.101327881254088581e+01
7.502229370455738433e+01
1.177894217677675659e+00
1.590604304598389263e+01
4.426398207025552267e+01
4.961740613315961212e+01
4.015943702810375271e+01
2.847390770202223820e+01
1.843692966556095314e+01
1.738848484983060771e+01
5.772131593839316288e+00
3.181994049234468847e+01
3.123040291846995942e+01
9.011379398132810081e+00
1.056304910941070574e+02
3.629142376586972318e+01
2.676106835669952666e+00
5.335652811913869087e+00
4.753487694140402731e+00
4.691918049265867197e+00
7.335995989527685168e+00
5.558205434615330454e+00
6.312081318610347047e+00
2.828384404234172322e+01
6.291700113865541510e+00
2.792713686717614774e+00
3.793639845307137648e+01
8.494610448873025632e+00
2.795195012078085739e+01
3.304684194821555110e+01
1.957714667652739138e+01
2.705956652036239163e+01
1.688142761410723480e+01
2.272113862128679784e+01
4.170345372582027466e+01
7.136280452396433382e+00
7.668165400047399771e+00
1.487323086654953386e+01
3.022722155198976424e+01
2.045266673509985011e+01
5.005227083732533000e-01
6.741714989043855155e+01
5.594644532033627371e+01
3.714340712515146237e+01
1.591468621627044389e+00
5.113116579315909860e+01
4.864466883712861289e+00
6.711109906233177469e+01
3.767117387606549350e+00
3.897275827632162759e+01
2.254266016621550506e+01
9.768265777961978813e+01
2.137075617706748076e+01
2.699811565570726213e+00
1.401075528237547019e+01
3.320261162793067200e+01
2.561558529185204769e+00
2.895132039062927376e+01
4.111507319253578707e+00
3.354189080823103808e+01
1.188218212938128460e+00
9.384391745440193944e+00
1.047486444231539027e+00
2.253229739748903526e+01
4.504629541524601422e+01
2.308600338186125711e+01
1.659929047881020026e+00
3.752714972871316235e+01
3.656404224830456684e+01
6.971860795219860130e+00
2.683855433464784923e+01
3.441912352255073415e+01
7.524270744492114638e+00
2.586060615361311932e+00
1.271456429930940857e+01
3.233860304285148146e+00
3.630361276416113014e+01
2.983830484058435317e+00
2.397672537880146670e+00
2.829061941542219216e+01
2.341663260965781390e+01
5.559508551243452779e+00
1.295254708031873392e+01
1.065991346577651200e+01
1.164770067792666897e+00
1.376602944522480776e+00
1.382019298422559217e+01
9.135075044841515535e+01
2.453527940693826181e+00
1.596576848034854113e+00
3.857516479043133728e+01
1.820086474727113046e+00
8.395279407175056718e+00
4.282341679691155889e+01
6.100510447121243907e+00
1.408830227308688876e+01
1.460331862906213019e+01
4.003981146533899960e+01
9.215148191662319022e+00
1.028375135498476922e+01
2.255713150082469198e+01
2.529646287728124499e+00
2.892528265195389636e+00
4.329477642146355976e+01
5.193252517335579199e+01
6.348888532641495885e+01
3.755515889909638361e+00
2.330652562418213947e+01
2.336766597162746351e+01
1.032651063609492770e+00
3.895576756516760497e+00
2.538747829707540760e+00
5.284281695062060358e+00
1.823383867573665640e+01
3.925566317408950123e+00
2.891580830210412145e+01
2.956304542378578759e+00
5.774235303620155690e+01
2.744971147700428205e+01
1.653957305297657854e+01
3.232390916198522923e+00
2.664713255641737888e+01
1.517629557779772398e+01
1.787865359894539763e+00
3.155454741581059963e+01
2.439753586591790935e+01
3.375978074956671016e+00
3.062321419543347911e+00
5.447240767098225689e+00
1.928295497033771611e+01
8.277981686836572095e+00
2.471027940936181722e+00
2.144228342845575241e+01
1.492232614526861401e+00
8.758513209170068592e+00
5.969520080453980881e+01
1.406050960402395589e+01
2.964325479597000879e+01
3.757526104193405381e+00
3.221976612309273946e+01
1.746146482151860013e+01
6.632692125588445897e+00
3.618410935813339613e+00
2.408504527872659562e+00
9.811861863388219973e+00
5.650439055806889854e+01
2.144472340480116923e+00
5.681876237643871264e+01
1.229495779243407139e+00
2.623994366384647847e+01
3.596092805061502418e+01
3.502849653809771269e+01
5.259416705667090497e+01
1.063800728671796847e+01
6.383014868490693061e+01
2.721908966861334989e+01
3.985313264608403294e+00
7.047248337385230599e+00
2.255412018939033558e+01
7.527739511414095830e+01
3.177890332181772415e+00
1.120414186341912455e+01
8.398121633704477063e+00
3.669919113008462830e+01
1.182936880583931227e+01
3.839507388680083011e+00
1.747292259922222257e+01
1.485211352043732447e+01
6.101139201789349542e+00
9.522885275163985863e-01
6.320483399070182884e+01
3.178533141044756860e+01
8.777647175589187611e+00
2.100059662657935178e+01
4.520728422071513819e+00
1.009682665336755747e+01
1.606192693655514958e+01
3.075972594407957672e+00
2.786137932087686053e+01
4.803003862589356743e+00
9.072161828956593865e+01
2.152219058526823936e+00
9.771516662778513052e+00
1.007099843785985982e+01
3.070473816126685129e+00
4.300587828555107350e+00
6.978756893511524062e+00
7.490072024524382144e+00
5.675189045959030398e-01
8.198567218169284132e+00
6.542587216691184437e+01
4.104136138088469110e+00
3.099752090754109091e+01
3.409712843062082754e+01
5.153403086994496896e-01
4.200584212670425899e+01
1.975419875178106466e+01
1.351369131097219878e+01
2.379877660338932088e+01
5.965888084132353697e+01
3.420928688171951393e+01
8.378443398797212183e+01
1.036799142432773024e+01
1.997174190344391809e+00
4.977296445026813565e+00
8.783815881911043455e-01
4.557885479017572017e+00
4.167669773256120536e+00
8.341617933871209090e+00
2.521505441063771613e+00
2.203843477586518418e+01
2.386186068505162794e+00
6.002002983528089253e+00
1.419818841869360782e+01
2.976349812966491815e+00
5.887969285702880029e+01
1.838595568067350472e+00
8.363728844661750372e+00
5.868494389317767457e+01
2.133470284105399628e+00
7.305103438694740703e+01
5.948273707352587536e+01
7.002120392371469215e+00
1.406074890430330981e+01
1.074770267003519919e+01
2.524356033443178049e+01
1.058667919516757872e+00
1.250703302895738744e+01
1.781015680615778640e+00
1.391771471559263729e+00
4.287415954496760051e+00
1.576629393543417734e+01
1.555815642708199320e+01
1.997650940032406552e+01
1.161091078376243146e+01
5.685801393826203309e+01
4.241174789642926157e+00
1.091851212614936895e+00
1.617170061444056728e+00
2.269915615601298953e+01
2.131030010308780831e+01
2.962035122271776899e+00
2.655256571165448776e+00
1.305955793886941052e+00
1.531102158794628210e+01
2.270050018672752579e+00
1.334545224191660440e+00
2.450135276004169249e+00
1.735100436119893530e+01
1.476029725947963778e+00
4.259039717877408648e+00
1.166295441848881609e+01
1.633319327200423610e+00
4.869514154128371075e+00
1.504389663609344563e+00
1.829904682126798221e+01
1.952704363059990955e+00
3.595604211440559528e+00
4.401151672752184218e+00
9.540673013772632771e+00
2.902385801124802001e+01
1.001535058789392973e+00
1.964563168998839648e+00
1.677317880842283415e+01
2.025274283125658670e+01
2.841745775324759293e+01
7.403129717458303283e+00
3.545889289303170244e+01
2.887569343806540179e+00
1.316424179713593379e+00
4.916883128872332698e+00
4.035879571198756821e+01
2.194826575742341390e+01
7.296971900941686684e+00
1.427057574316044963e+01
5.641015497078605279e+01
7.995988796524122222e+01
1.423558450711798784e+01
2.522245311141224633e+01
4.843082606713375782e+01
5.119611302387916396e+01
3.084952159927976112e+01
4.359901793310230289e+01
1.662076249898811753e+01
1.195597899059889713e+01
2.025830193582091709e+01
4.734838256988873617e+00
4.963238692403011854e+00
1.709814593706553154e+01
1.841115777250850627e+01
2.088292629005493062e+00
4.044667383417509399e+01
9.501026623156157314e+00
5.364429988970710106e+00
3.858135006023441349e+01
3.616145033273641118e+00
6.138210020417412593e+00
4.101662325855646429e+01
7.449991615577154391e+00
4.962664010812667392e+00
1.328212823777372487e+00
4.274455502365152881e+01
1.925612942614840506e+01
9.963553117602128140e+00
2.484210622134463975e+00
5.572579235893023508e+00
2.106059677312109191e+00
4.502027750478519330e+00
4.631401013036237657e+01
2.998085013080333994e+01
3.250229086128145184e+01
2.277576539966070612e+01
1.875356215545770056e+01
6.938937622491001989e+00
8.869413753210462659e+00
4.001244238147326548e+00
1.781413488540883661e+00
1.243088336691932483e+01
8.907818419766108775e+00
2.189961227351659545e+01
5.118096774158473750e+01
3.745010849395573160e+00
2.786684057719254426e+01
5.971864084603779155e+00
3.041221010827291593e+01
1.303820694772624122e+01
2.987742630614182460e+01
2.508030887669166376e+00
6.286139419423443231e-01
2.838410726497347714e+00
1.649171810004546712e+00
1.145065335834603015e+00
5.172015493297095645e+01
1.920342261224196179e+01
5.574072273032284031e+00
2.945451318146546171e+01
5.941404092094214207e+01
1.477016022981769794e+01
7.895180307949660303e+00
8.224760773945132541e+01
1.435330924001986830e+01
4.008404802040069370e+01
8.498906727855981558e+00
4.505129068780055945e+01
2.259168841543871320e+00
1.946580239293511028e+01
1.705848746279515993e+01
5.351003202465187236e+00
1.299357888362156643e+01
1.319706659591203390e+01
9.594102983703848508e+00
5.595102932327840062e-01
5.576788310389258640e+01
1.929215319951224750e+00
1.581433563463479786e+01
4.033779286912619710e+01
2.581848734564461623e+01
1.620103064633974554e+01
3.198611112453865601e+01
1.869012290898715456e+00
5.348033869737282231e+00
1.308583855951383157e+01
1.573109585845734903e+00
5.189307142271037954e+00
9.861579647831796080e+00
6.711500524429078851e+00
3.967927697098371453e+00
3.204016773008670604e+00
4.961812641465949980e+01
3.263013400005725373e+01
2.724196527994040551e+01
9.598381464171218624e+00
2.706687243494117823e+01
2.453522054091741467e+01
9.531788627779316236e-01
3.450125251497041301e+00
3.119037106497554035e+01
1.385317875249120689e+01
2.857682032858544474e+01
1.103744536373833185e+01
2.682271315101929954e+00
2.985711463762143936e+01
5.756103268765105696e+01
3.881226637827605686e+00
3.261252146336160251e+01
5.251313424873674052e+01
3.724584752328344450e+01
8.579001881321975276e+00
3.266371531558974528e+00
1.100299684015994472e+01
1.307783527370812138e+01
5.060140992118109970e+00
1.737617266047568165e+00
5.373240943529693503e+00
2.448159862146164212e+00
2.032403619957729113e+00
4.308588581940880857e+01
2.058392884087012042e+00
1.060747822348938740e+01
4.515303650626790244e+01
1.495119442256719333e+00
1.772593296596365420e+01
8.372539417232328640e-01
4.597240733208536767e+01
4.354129760841919961e+01
7.709739958320028563e+00
1.262708141307826537e+01
2.301813358161326928e+00
2.775269263328140390e+00
1.108269101945188240e+01
4.819168694740998404e+00
2.723189901420746395e+01
8.927495272209081634e+01
3.291858059155849503e+00
3.820494799239569517e+01
6.977874578811640305e+00
1.394829907382798595e+01
7.915499569399178981e+00
6.312622989717958433e+01
4.627374939415815902e+01
1.164177978796661961e+01
3.808233957181498042e+00
1.585891711835626339e+01
4.987087994151755410e+00
2.912461204093689915e+00
2.037659471426203073e+00
1.226930978561272667e+01
1.376639629738530601e+01
4.307643111874767783e+00
4.635890002574933888e+00
6.307037795086287701e+01
1.836869229616177179e+01
7.280652763888203260e+00
5.171154738006324436e+01
1.929870273776965073e+00
1.379687837432656750e+01
9.430523700386684993e+01
6.380861536291779146e+01
4.203763837542937587e+00
8.920306147505896455e-01
1.646724873244237841e+01
2.698943891038707932e+01
3.808944757104625545e+00
1.679070133777427998e+01
4.142499070110827297e+00
2.908732924463472092e+00
3.342571093620891531e+01
3.355549244292527789e+01
9.695422348593673689e+00
2.167508652012143244e+01
3.117319474199295470e+01
9.320074076637967497e-01
6.987030880077407247e+00
8.219780270439407843e+01
5.482474057806587098e+01
2.756767196997652825e+00
5.632487352846355932e+00
6.865865736964592259e+01
9.698816168800735937e+00
7.121582395979070057e+00
5.467815666796385088e+00
2.907541159552282206e+00
1.280173211377041653e+00
2.160337153848350411e+01
1.420337568964921360e+01
4.473976407119329224e+01
3.378643181736729417e+01
1.115173186162434149e+01
5.877830933383051182e+00
4.694707151900261977e+01
8.603311470027986019e+00
8.084926486470044305e-01
3.935428632354481948e+01
8.070382704731233758e+00
1.428398747302670557e+01
8.048188782862235158e+00
8.994754522032838651e+00
1.597551209919629400e+01
8.218366987734870577e+01
2.395665305949318924e+00
3.934451899020201182e+01
5.975800071300275462e+00
5.283011624070785395e+00
5.751446330774884075e+01
3.133642570935362315e+01
1.193292856514512446e+00
1.856485386452977115e+00
6.793095307371474156e+00
4.350114221471993403e+01
8.293441031775371641e+01
1.955492956836824670e+00
4.872594169517751794e+01
2.751231011529293724e+00
3.401530264318191055e+00
8.220647266738848202e+01
2.290490556148700119e+00
3.450436728358198923e+00
1.031956164584932054e+02
2.643855586950233150e+00
1.191121937633468875e+01
2.185013354571554878e+00
1.298439190560777501e+00
2.521294743303009511e+01
3.793470376050797732e+00
1.917323645965525181e+00
9.370042176261627276e+00
7.496098678169846607e+01
4.290498977580495144e+00
3.624416867502921580e+00
6.666797283059867851e+00
4.217431392383819144e+00
2.186220203810866636e+01
3.030800883242647714e+01
3.826273831801601855e+00
6.199788622527477600e+01
2.112341679749781598e+00
6.222355202601790758e+00
7.738992359849994784e+00
1.491679313121480277e+01
2.371930572112022872e+01
6.253423191773628531e+01
3.620349986248699992e+01
3.493684221596137895e+00
1.582034304439503813e+01
1.332273201586525069e+00
1.549544845020676576e+00
6.701977253212769714e-01
2.285126995709675590e+00
2.280922540904251505e+01
1.533772790529155605e+00
1.615291761384252567e+01
2.241409854897958187e+00
8.336714054406786367e-01
1.391318278862880575e+01
7.473871369130981179e+01
7.253114616666477943e+00
5.176030993245996115e+01
1.415138697786597533e+01
2.336878669803940767e+00
2.141516478041965765e+00
1.477062495822280042e+01
1.058327828360926404e+01
5.103415923590444159e+00
7.033964011659971050e+01
7.315520188993680506e+01
3.778943403903942055e+01
2.072342315210460839e+01
6.662937404737551361e+00
3.955703558841035061e+01
3.302442859914107487e+01
1.077545497399714236e+01
2.495098583355421340e+00
7.564843449156401611e+00
1.910167349826585870e+00
1.547124329742425175e+01
1.507500926494753424e+00
1.721250864995111129e+01
8.946349708644801835e-01
4.307735788230893981e+00
2.960967620879708662e+01
7.192671529835183541e+00
7.495500191558669201e+01
9.794467239097667033e+00
7.591577772132745316e+00
8.647184029367076619e+01
8.793562227935549203e+00
3.583685974470312630e+01
1.101628556283559490e+00
6.310824083599796630e+00
6.568706502109483836e+01
2.122214160193145460e+01
1.987256698943936684e+01
1.645320871691031472e+00
6.734030209614816798e+00
3.942575482132769338e+01
1.329806437153155052e+00
2.887152171158075120e+01
4.862705019540133833e+01
2.677341299329930369e+00
3.354740871575850658e+00
4.470627414700777180e+00
4.747802897672709577e+00
4.439053082785306081e+00
3.938919021700136192e+00
6.832640075757489662e+00
5.779099828241049153e+01
1.424763346351779703e+01
2.093277263432329960e+01
7.117043361229578124e+01
2.113017294988718042e+00
1.621783917792902940e+01
4.458983699312361715e+00
4.508139587599206521e+01
2.037173879460408621e+00
2.860105761407846447e+00
1.081311488796909970e+00
4.402648569865297645e+01
7.762975094155475375e+00
3.379368620911578525e+00
6.490230016826254555e+00
3.913824089315313870e+01
9.000233599273297358e+00
2.133616870938429333e+00
1.721397142998866769e+01
2.235565742801342459e+00
1.115290211746873794e+01
2.256518858866025568e+01
5.786521384060682038e+01
4.369231004529466134e+01
4.376398417574855593e+00
3.265690372810651887e+00
1.155646091321090552e+01
4.259843459852915970e+01
1.766671631201525727e+01
6.123093542418931001e+00
4.965319567866902872e+00
2.494799437481225723e+01
1.802363438325300393e+01
3.043968669462034882e+01
4.971219425773456635e+01
1.503853336308128164e+01
1.163737292464423945e+01
9.797367697383759788e-01
4.087014132959494361e+01
2.885229518819954375e+00
6.114557627691961272e+01
5.469364093611506661e+00
1.509026249401686570e+01
7.167343863864976683e+00
1.384753537100008591e+00
7.281586108359289256e+01
1.174019128198326811e+01
3.217643577096063190e+00
6.046974242702147251e+01
3.872950525426882340e+00
1.787924469591396948e+00
1.498775970367002053e+00
9.374429184955399563e+00
3.216759592966797499e+01
1.993574190219990072e+01
6.196112108898991444e+00
6.797285490444875222e+01
3.972766625236573645e+01
9.517435707742582451e+01
8.052678454520719242e+01
2.864088161642071917e+00
4.553099656678349305e+01
1.789083012608027712e+00
2.413936809479828938e+01
1.637481518961852345e+01
2.385558177310877159e+00
2.645706303677578575e+01
8.945830385026586384e+01
4.147888024583586031e+01
2.197725013953569562e+00
6.753688020867363662e+01
3.070017972270419726e+00
1.557957168526611369e+01
2.458622903760474898e+01
2.499586150873821921e+01
3.335453451323580953e+00
1.050842476283034177e+00
2.833837242302604764e+01
4.864244375591177949e+00
6.840065065898198071e+00
3.586893492517420867e+01
5.046658056455947872e+01
1.311804172797718326e+00
6.097417497486165239e+00
2.976141816233924597e+00
1.860429417888806558e+00
3.671029688094507293e+01
1.091447017624536642e+01
5.272874947868089635e+01
5.551391560612384701e+00
2.908657701615205937e+01
1.868632190516919644e+00
8.050600817371355689e+00
2.366187956042678397e+00
5.126059672377726173e+01
9.063771234259824894e+00
2.360588871616489826e+01
5.878924199134849538e+00
4.174497108637797282e+01
1.620098776571089250e+00
8.163164161888842862e-01
1.991223638152296971e+01
1.962715344865795242e+00
1.781283031311110321e+00
1.245907567474134225e+01
8.930055230740915562e+00
3.119815916510416542e+01
5.798074427120401886e+00
3.878947293822069753e+01
4.411733875119156068e+01
5.261353844682612468e+00
7.495840812766689787e+00
5.801222397641538464e+00
1.787099690877725022e+00
5.968363298996542277e+00
1.466243954298581542e+01
4.979253745946444099e+01
1.401658772199967018e+01
5.736599926534323046e+00
2.734964909633804453e+00
1.971488915470163406e+01
2.431356985536888615e+01
4.435717308389778424e+01
1.714466640903957284e+01
1.624203542941973666e+00
2.667771601100494294e+01
3.113927462580431893e+01
3.926933064656836336e+01
3.588726063316970283e+01
1.426406943916069636e+01
2.927892252345159463e+01
5.696121392555782847e+01
8.291939743299433729e+00
5.303741713130664337e+00
1.887708700469957535e+00
1.273633506746248401e+01
4.351581345617778140e+01
6.074806646248338104e+00
2.535025045515175535e+01
4.735794300614968755e+00
1.674247258259826410e+01
7.788553572084391696e+00
4.683089858461724653e+00
2.713803688280013393e+00
4.578084360844145806e+01
6.664125838219388243e+01
6.470610706433748760e+01
4.530338354029957060e+01
1.389103682667050066e+01
3.068157261636334177e+00
6.502523519379002437e+01
2.814538614916305903e+01
3.934624312536791280e+01
5.434371578536194569e+00
1.470774757558353585e+01
3.160871115877912807e+00
4.839838988252854080e+00
4.763835201286408250e-01
7.639184745886812067e+00
7.398674016265733400e+00
1.021730000609533562e+01
1.435374030727713546e+01
7.839748456940162313e+00
6.418328277490488176e+01
8.196339658702317621e+00
1.914752219139231926e+01
7.763070125797164600e-01
2.717581788334434734e+01
2.844127716602504208e+01
7.732747999235523473e+00
2.296455495064647323e+01
1.246703859543324100e+01
4.252368626128732387e+01
5.935784760674479799e+00
9.112343248639657389e+00
1.730407201014607921e+01
1.323015144069851345e+01
5.861931535986257380e+00
1.149400899822400746e+01
1.088611953862391246e+01
3.607624117090261961e+01
9.859300880111511844e+00
2.262295645879293460e+01
3.345861777972183759e+00
1.209255113733761267e+00
4.149656423736606570e+01
7.395340346578569424e-01
7.383725344029355320e+00
2.485684382577651341e+00
1.866162855166646706e+00
2.323832943759631320e+01
1.092419108043544806e+00
1.078584122789191246e+00
9.160706427023537657e+00
4.455765970327063563e+00
7.485791694773699767e+00
2.593082421183829567e+01
5.093141479469026400e+00
2.193655747244172005e+01
3.177375528125090387e+00
2.063948009301215336e+01
4.799480182282850116e+00
4.585188260119242898e+01
3.087596099505242364e+01
5.993054266060654811e+01
7.513198767613364026e+00
2.851308243371325091e+01
1.067689477046602775e+00
3.305557969765644089e+01
3.241276059674900178e+00
3.159835535790526784e+00
5.577737984683874828e-01
2.619800454324413330e+00
2.051559813028966950e+00
1.164064764881971925e+01
1.723416386928929001e+01
1.048557838565913514e+01
1.550620506797314668e+00
3.642029927088578756e+00
1.571617511587787286e+00
1.277405927780350225e+00
6.491723179526963650e-01
8.918425580439206524e-01
